M [g]          R [cm]       P [dyn/cm2]      T [K]          Rho [cgs]    Vson [cm/s]    Gradc []     Grada []     Gradr []
  1.8986112D+30  6.9894176D+09  1.0000000D+06  1.7000000D+02  1.6362097D-04  9.4845284D+04  3.19896D-01  3.19882D-01  8.33156D+33
  1.8986112D+30  6.9890110D+09  1.1714484D+06  1.7880860D+02  1.8220935D-04  9.7158933D+04  3.18140D-01  3.18127D-01  7.97428D+33
  1.8986111D+30  6.9885819D+09  1.3730821D+06  1.8804192D+02  2.0305750D-04  9.9486374D+04  3.15899D-01  3.15888D-01  7.64187D+33
  1.8986110D+30  6.9881290D+09  1.6103472D+06  1.9771859D+02  2.2645674D-04  1.0186869D+05  3.13723D-01  3.13713D-01  7.33249D+33
  1.8986110D+30  6.9876511D+09  1.8896994D+06  2.0785782D+02  2.5274210D-04  1.0429901D+05  3.11547D-01  3.11538D-01  7.04449D+33
  1.8986109D+30  6.9871470D+09  2.2187346D+06  2.1848100D+02  2.8229759D-04  1.0678719D+05  3.09488D-01  3.09480D-01  6.77599D+33
  1.8986108D+30  6.9866155D+09  2.6064860D+06  2.2960935D+02  3.1560710D-04  1.0931753D+05  3.07466D-01  3.07459D-01  6.52558D+33
  1.8986107D+30  6.9860556D+09  3.0635107D+06  2.4126810D+02  3.5331531D-04  1.1188053D+05  3.05669D-01  3.05663D-01  6.29132D+33
  1.8986105D+30  6.9854666D+09  3.6023462D+06  2.5348228D+02  3.9646389D-04  1.1440915D+05  3.04002D-01  3.03997D-01  6.07180D+33
  1.8986104D+30  6.9848490D+09  4.2376398D+06  2.6628127D+02  4.4692120D-04  1.1677191D+05  3.02581D-01  3.02577D-01  5.86521D+33
  1.8986102D+30  6.9842055D+09  4.9867044D+06  2.7969550D+02  5.0841248D-04  1.1869106D+05  3.01428D-01  3.01424D-01  5.67014D+33
  1.8986100D+30  6.9835438D+09  5.8696518D+06  2.9376203D+02  5.8596446D-04  1.1990377D+05  3.00639D-01  3.00635D-01  5.48469D+33
  1.8986097D+30  6.9828581D+09  6.9104571D+06  3.0851258D+02  6.5658672D-04  1.2284943D+05  2.99712D-01  2.99709D-01  5.30808D+33
  1.8986094D+30  6.9821371D+09  8.1372843D+06  3.2397985D+02  7.3586983D-04  1.2589230D+05  2.99008D-01  2.99005D-01  5.13961D+33
  1.8986090D+30  6.9813789D+09  9.5832855D+06  3.4020033D+02  8.2484776D-04  1.2901792D+05  2.98401D-01  2.98398D-01  4.97850D+33
  1.8986086D+30  6.9805822D+09  1.1287325D+07  3.5721358D+02  9.2465987D-04  1.3224777D+05  2.97939D-01  2.97937D-01  4.82394D+33
  1.8986081D+30  6.9797448D+09  1.3295451D+07  3.7505823D+02  1.0366136D-03  1.3556341D+05  2.97532D-01  2.97530D-01  4.67553D+33
  1.8986075D+30  6.9788650D+09  1.5661523D+07  3.9377730D+02  1.1621251D-03  1.3897794D+05  2.97202D-01  2.97200D-01  4.53267D+33
  1.8986068D+30  6.9779406D+09  1.8449244D+07  4.1341344D+02  1.3028162D-03  1.4250075D+05  2.96951D-01  2.96950D-01  4.39504D+33
  1.8986060D+30  6.9769695D+09  2.1733160D+07  4.3401369D+02  1.4604353D-03  1.4611955D+05  2.96740D-01  2.96738D-01  4.26219D+33
  1.8986050D+30  6.9759493D+09  2.5601324D+07  4.5562502D+02  1.6369756D-03  1.4986166D+05  2.96558D-01  2.96556D-01  4.13386D+33
  1.8986039D+30  6.9748776D+09  3.0157735D+07  4.7829493D+02  1.8346889D-03  1.5370036D+05  2.96369D-01  2.96367D-01  4.00995D+33
  1.8986026D+30  6.9737516D+09  3.5524488D+07  5.0207456D+02  2.0560274D-03  1.5765855D+05  2.96143D-01  2.96142D-01  3.89026D+33
  1.8986010D+30  6.9725684D+09  4.1845685D+07  5.2701587D+02  2.3037880D-03  1.6174835D+05  2.95982D-01  2.95981D-01  3.77468D+33
  1.8985992D+30  6.9713253D+09  4.9290395D+07  5.5317498D+02  2.5809829D-03  1.6594184D+05  2.95726D-01  2.95726D-01  3.66300D+33
  1.8985970D+30  6.9700188D+09  5.8058396D+07  5.8060802D+02  2.8910661D-03  1.7029576D+05  2.95510D-01  2.95510D-01  3.55515D+33
  1.8985944D+30  6.9686454D+09  6.8386425D+07  6.0937002D+02  3.2379519D-03  1.7474651D+05  2.95132D-01  2.95131D-01  3.45121D+33
  1.8985914D+30  6.9672015D+09  8.0551813D+07  6.3952259D+02  3.6258057D-03  1.7937283D+05  2.94767D-01  2.94767D-01  3.35103D+33
  1.8985878D+30  6.9656829D+09  9.4885031D+07  6.7112236D+02  4.0595691D-03  1.8413901D+05  2.94283D-01  2.94283D-01  3.25476D+33
  1.8985837D+30  6.9640856D+09  1.1177114D+08  7.0423747D+02  4.5443053D-03  1.8904517D+05  2.93740D-01  2.93740D-01  3.16214D+33
  1.8985787D+30  6.9624046D+09  1.3167326D+08  7.3892356D+02  5.0862737D-03  1.9414527D+05  2.93062D-01  2.93061D-01  3.07347D+33
  1.8985729D+30  6.9606352D+09  1.5513087D+08  7.7525055D+02  5.6919189D-03  1.9937329D+05  2.92268D-01  2.92267D-01  2.98855D+33
  1.8985661D+30  6.9587716D+09  1.8279345D+08  8.1327460D+02  6.3688359D-03  2.0483424D+05  2.91355D-01  2.91355D-01  2.90766D+33
  1.8985581D+30  6.9568084D+09  2.1541771D+08  8.5306847D+02  7.1251967D-03  2.1046448D+05  2.90269D-01  2.90268D-01  2.83061D+33
  1.8985486D+30  6.9547386D+09  2.5392100D+08  8.9468399D+02  7.9705156D-03  2.1627239D+05  2.89028D-01  2.89028D-01  2.75776D+33
  1.8985374D+30  6.9525558D+09  2.9937191D+08  9.3819393D+02  8.9150813D-03  2.2235751D+05  2.87589D-01  2.87588D-01  2.68893D+33
  1.8985242D+30  6.9502518D+09  3.5306512D+08  9.8364949D+02  9.9707565D-03  2.2861116D+05  2.86030D-01  2.86030D-01  2.62443D+33
  1.8985086D+30  6.9478192D+09  4.1651315D+08  1.0311232D+03  1.1149721D-02  2.3521204D+05  2.84242D-01  2.84242D-01  2.56408D+33
  1.8984903D+30  6.9452484D+09  4.9155140D+08  1.0806627D+03  1.2467318D-02  2.4203797D+05  2.82319D-01  2.82319D-01  2.50818D+33
  1.8984685D+30  6.9425302D+09  5.8033768D+08  1.1323339D+03  1.3938521D-02  2.4913493D+05  2.80154D-01  2.80154D-01  2.45662D+33
  1.8984429D+30  6.9396534D+09  6.8547962D+08  1.1861824D+03  1.5582044D-02  2.5666698D+05  2.77889D-01  2.77889D-01  2.40962D+33
  1.8984125D+30  6.9366071D+09  8.1004513D+08  1.2422739D+03  1.7416064D-02  2.6445313D+05  2.75456D-01  2.75456D-01  2.36705D+33
  1.8983766D+30  6.9333785D+09  9.5774094D+08  1.3006520D+03  1.9461808D-02  2.7278663D+05  2.72925D-01  2.72925D-01  2.32905D+33
  1.8983340D+30  6.9299544D+09  1.1329382D+09  1.3613791D+03  2.1742651D-02  2.8148251D+05  2.70218D-01  2.70218D-01  2.29549D+33
  1.8982837D+30  6.9263190D+09  1.3409441D+09  1.4244856D+03  2.4282813D-02  2.9068735D+05  2.67446D-01  2.67446D-01  2.26660D+33
  1.8982239D+30  6.9224565D+09  1.5880089D+09  1.4900269D+03  2.7108696D-02  3.0057621D+05  2.64492D-01  2.64492D-01  2.24227D+33
  1.8981531D+30  6.9183479D+09  1.8816817D+09  1.5580319D+03  3.0249819D-02  3.1089870D+05  2.61525D-01  2.61524D-01  2.22263D+33
  1.8980691D+30  6.9139741D+09  2.2309060D+09  1.6285434D+03  3.3734172D-02  3.2209597D+05  2.58449D-01  2.58449D-01  2.20765D+33
  1.8979694D+30  6.9093128D+09  2.6463874D+09  1.7015919D+03  3.7594953D-02  3.3396455D+05  2.55334D-01  2.55334D-01  2.19736D+33
  1.8978512D+30  6.9043400D+09  3.1409000D+09  1.7772020D+03  4.1864324D-02  3.4651419D+05  2.52172D-01  2.52172D-01  2.19181D+33
  1.8977107D+30  6.8990287D+09  3.7297411D+09  1.8553821D+03  4.6577377D-02  3.6028461D+05  2.48931D-01  2.48931D-01  2.19116D+33
  1.8975441D+30  6.8933500D+09  4.4309715D+09  1.9361552D+03  5.1766341D-02  3.7486678D+05  2.45702D-01  2.45702D-01  2.19535D+33
  1.8973462D+30  6.8872709D+09  5.2662964D+09  2.0195071D+03  5.7467871D-02  3.9049909D+05  2.42418D-01  2.42418D-01  2.20463D+33
  1.8971114D+30  6.8807569D+09  6.2612342D+09  2.1054431D+03  6.3718322D-02  4.0739518D+05  2.39195D-01  2.39195D-01  2.21897D+33
  1.8968329D+30  6.8737692D+09  7.4461384D+09  2.1939431D+03  7.0548696D-02  4.2549995D+05  2.35961D-01  2.35961D-01  2.23851D+33
  1.8965027D+30  6.8662660D+09  8.8567917D+09  2.2849813D+03  7.7992829D-02  4.4499550D+05  2.32785D-01  2.32785D-01  2.26334D+33
  1.8961116D+30  6.8582015D+09  1.0535472D+10  2.3785081D+03  8.6085342D-02  4.6578192D+05  2.29383D-01  2.29383D-01  2.29366D+33
  1.8956485D+30  6.8495223D+09  1.2532765D+10  2.4744024D+03  9.4863555D-02  4.8809635D+05  2.26037D-01  2.26037D-01  2.33005D+33
  1.8951006D+30  6.8401731D+09  1.4907797D+10  2.5725470D+03  1.0436136D-01  5.1188089D+05  2.22069D-01  2.22069D-01  2.37294D+33
  1.8944527D+30  6.8300853D+09  1.7732502D+10  2.6726719D+03  1.1462070D-01  5.3739194D+05  2.18176D-01  2.18176D-01  2.42360D+33
  1.8936883D+30  6.8192046D+09  2.1085564D+10  2.7747383D+03  1.2566075D-01  5.6472168D+05  2.14590D-01  2.14590D-01  2.48169D+33
  1.8927882D+30  6.8074697D+09  2.5058801D+10  2.8786206D+03  1.3749981D-01  5.9375074D+05  2.11402D-01  2.11402D-01  2.54729D+33
  1.8917322D+30  6.7948287D+09  2.9752835D+10  2.9843158D+03  1.5014091D-01  6.2482555D+05  2.08835D-01  2.08835D-01  2.61968D+33
  1.8904982D+30  6.7812324D+09  3.5279114D+10  3.0918318D+03  1.6357917D-01  6.5762139D+05  2.06369D-01  2.06369D-01  2.69796D+33
  1.8890593D+30  6.7666045D+09  4.1774091D+10  3.2007992D+03  1.7782788D-01  6.9239161D+05  2.03524D-01  2.03524D-01  2.78347D+33
  1.8873865D+30  6.7508735D+09  4.9389286D+10  3.3108866D+03  1.9289485D-01  7.2943417D+05  2.00188D-01  2.00188D-01  2.87709D+33
  1.8854455D+30  6.7339467D+09  5.8305756D+10  3.4214754D+03  2.0879492D-01  7.6813173D+05  1.95617D-01  1.95617D-01  2.98127D+33
  1.8831992D+30  6.7157356D+09  6.8725283D+10  3.5319628D+03  2.2553620D-01  8.0938504D+05  1.91280D-01  1.91280D-01  3.09823D+33
  1.8806156D+30  6.6962131D+09  8.0833897D+10  3.6423906D+03  2.4307792D-01  8.5231623D+05  1.88291D-01  1.88291D-01  3.22631D+33
  1.8776623D+30  6.6753568D+09  9.4828115D+10  3.7527253D+03  2.6135760D-01  8.9712244D+05  1.86295D-01  1.86295D-01  3.36427D+33
  1.8743136D+30  6.6531920D+09  1.1088135D+11  3.8633263D+03  2.8030943D-01  9.4359966D+05  1.85129D-01  1.85129D-01  3.50856D+33
  1.8705402D+30  6.6297134D+09  1.2919394D+11  3.9740797D+03  2.9987700D-01  9.9070157D+05  1.84973D-01  1.84973D-01  3.65836D+33
  1.8663164D+30  6.6049381D+09  1.4995697D+11  4.0849797D+03  3.2002573D-01  1.0395259D+06  1.84289D-01  1.84289D-01  3.81224D+33
  1.8616162D+30  6.5788725D+09  1.7337530D+11  4.1958010D+03  3.4071397D-01  1.0881116D+06  1.84738D-01  1.84738D-01  3.97005D+33
  1.8564224D+30  6.5515663D+09  1.9961817D+11  4.3066649D+03  3.6188893D-01  1.1383342D+06  1.85360D-01  1.85360D-01  4.12969D+33
  1.8507195D+30  6.5230629D+09  2.2885701D+11  4.4175400D+03  3.8348678D-01  1.1887127D+06  1.86696D-01  1.86696D-01  4.29002D+33
  1.8444981D+30  6.4934217D+09  2.6123937D+11  4.5285049D+03  4.0543190D-01  1.2407230D+06  1.88291D-01  1.88291D-01  4.44938D+33
  1.8377513D+30  6.4626989D+09  2.9690795D+11  4.6395527D+03  4.2769400D-01  1.2905398D+06  1.90386D-01  1.90386D-01  4.60669D+33
  1.8304770D+30  6.4309610D+09  3.3598584D+11  4.7507353D+03  4.5026359D-01  1.3410225D+06  1.92745D-01  1.92745D-01  4.76071D+33
  1.8226703D+30  6.3982500D+09  3.7861949D+11  4.8618284D+03  4.7313504D-01  1.3883818D+06  1.93794D-01  1.93794D-01  4.91196D+33
  1.8143180D+30  6.3645711D+09  4.2500770D+11  4.9721963D+03  4.9641158D-01  1.4348595D+06  1.94782D-01  1.94782D-01  5.06347D+33
  1.8054268D+30  6.3300062D+09  4.7524595D+11  5.0819726D+03  5.2004210D-01  1.4802438D+06  1.96824D-01  1.96824D-01  5.21396D+33
  1.7960193D+30  6.2946823D+09  5.2934295D+11  5.1917747D+03  5.4403273D-01  1.5227436D+06  1.99616D-01  1.99616D-01  5.35946D+33
  1.7860994D+30  6.2586477D+09  5.8741226D+11  5.3014116D+03  5.6839178D-01  1.5650666D+06  2.01869D-01  2.01869D-01  5.50085D+33
  1.7756756D+30  6.2219593D+09  6.4954378D+11  5.4108197D+03  5.9311074D-01  1.6049694D+06  2.04865D-01  2.04865D-01  5.63833D+33
  1.7647708D+30  6.1847160D+09  7.1574288D+11  5.5204066D+03  6.1819582D-01  1.6438096D+06  2.08421D-01  2.08421D-01  5.76956D+33
  1.7533997D+30  6.1469809D+09  7.8605812D+11  5.6302500D+03  6.4361575D-01  1.6823312D+06  2.12126D-01  2.12126D-01  5.89415D+33
  1.7415729D+30  6.1087949D+09  8.6056521D+11  5.7402386D+03  6.6937411D-01  1.7187343D+06  2.15047D-01  2.15047D-01  6.01285D+33
  1.7292972D+30  6.0701839D+09  9.3936410D+11  5.8501262D+03  6.9549942D-01  1.7544398D+06  2.17801D-01  2.17801D-01  6.12719D+33
  1.7165851D+30  6.0311893D+09  1.0225176D+12  5.9598697D+03  7.2198064D-01  1.7893451D+06  2.20428D-01  2.20428D-01  6.23759D+33
  1.7034511D+30  5.9918539D+09  1.1100748D+12  6.0694810D+03  7.4881712D-01  1.8227505D+06  2.23366D-01  2.23366D-01  6.34417D+33
  1.6899140D+30  5.9522294D+09  1.2020531D+12  6.1791132D+03  7.7601510D-01  1.8548945D+06  2.26424D-01  2.26424D-01  6.44633D+33
  1.6759883D+30  5.9123517D+09  1.2984950D+12  6.2887760D+03  8.0357752D-01  1.8859505D+06  2.29498D-01  2.29498D-01  6.54430D+33
  1.6616903D+30  5.8722591D+09  1.3994263D+12  6.3985432D+03  8.3149173D-01  1.9170202D+06  2.32987D-01  2.32987D-01  6.63795D+33
  1.6470409D+30  5.8319977D+09  1.5048373D+12  6.5086334D+03  8.5972316D-01  1.9473891D+06  2.36840D-01  2.36840D-01  6.72642D+33
  1.6320557D+30  5.7915967D+09  1.6147468D+12  6.6191033D+03  8.8826527D-01  1.9770943D+06  2.40680D-01  2.40680D-01  6.80975D+33
  1.6149294D+30  5.7463083D+09  1.7429396D+12  6.7430255D+03  9.2052046D-01  2.0095252D+06  2.44937D-01  2.44937D-01  6.89705D+33
  1.6149251D+30  5.7462973D+09  1.7429708D+12  6.7430553D+03  9.2272260D-01  2.0070559D+06  2.44903D-01  2.44903D-01  6.89721D+33
  1.5936338D+30  5.6913209D+09  1.9061550D+12  6.8940479D+03  9.6245921D-01  2.0454281D+06  2.50187D-01  2.50187D-01  6.99569D+33
  1.5775805D+30  5.6506697D+09  2.0319602D+12  7.0061003D+03  9.9210054D-01  2.0752185D+06  2.54377D-01  2.54377D-01  7.06279D+33
  1.5612562D+30  5.6099718D+09  2.1623389D+12  7.1187053D+03  1.0219362D+00  2.1055795D+06  2.58331D-01  2.58331D-01  7.12531D+33
  1.5446708D+30  5.5692290D+09  2.2973335D+12  7.2317498D+03  1.0519488D+00  2.1360357D+06  2.61920D-01  2.61920D-01  7.18411D+33
  1.5278335D+30  5.5284418D+09  2.4369889D+12  7.3451104D+03  1.0821227D+00  2.1667146D+06  2.65165D-01  2.65165D-01  7.24006D+33
  1.5107549D+30  5.4876123D+09  2.5813396D+12  7.4587033D+03  1.1124335D+00  2.1977960D+06  2.68126D-01  2.68126D-01  7.29384D+33
  1.4934442D+30  5.4467385D+09  2.7304285D+12  7.5724057D+03  1.1428647D+00  2.2289942D+06  2.70668D-01  2.70668D-01  7.34623D+33
  1.4759107D+30  5.4058190D+09  2.8842954D+12  7.6861074D+03  1.1734165D+00  2.2590556D+06  2.73051D-01  2.73051D-01  7.39796D+33
  1.4581667D+30  5.3648592D+09  3.0429535D+12  7.7998018D+03  1.2041045D+00  2.2883233D+06  2.75380D-01  2.75380D-01  7.44924D+33
  1.4402238D+30  5.3238634D+09  3.2064175D+12  7.9134743D+03  1.2349320D+00  2.3170618D+06  2.77676D-01  2.77676D-01  7.50031D+33
  1.4220945D+30  5.2828382D+09  3.3746902D+12  8.0271525D+03  1.2658909D+00  2.3455687D+06  2.80013D-01  2.80013D-01  7.55123D+33
  1.4037902D+30  5.2417870D+09  3.5477816D+12  8.1408308D+03  1.2969781D+00  2.3736054D+06  2.82251D-01  2.82251D-01  7.60218D+33
  1.3853214D+30  5.2007113D+09  3.7257069D+12  8.2544815D+03  1.3281924D+00  2.4012807D+06  2.84366D-01  2.84366D-01  7.65345D+33
  1.3666979D+30  5.1596116D+09  3.9084829D+12  8.3680695D+03  1.3595378D+00  2.4275388D+06  2.86692D-01  2.86692D-01  7.70536D+33
  1.3479371D+30  5.1185050D+09  4.0960509D+12  8.4818286D+03  1.3910477D+00  2.4519766D+06  2.89461D-01  2.89461D-01  7.75704D+33
  1.3290501D+30  5.0773965D+09  4.2884051D+12  8.5958017D+03  1.4227262D+00  2.4763439D+06  2.92285D-01  2.92285D-01  7.80849D+33
  1.3100477D+30  5.0362895D+09  4.4855409D+12  8.7100213D+03  1.4545592D+00  2.5006794D+06  2.95129D-01  2.95129D-01  7.85976D+33
  1.2909395D+30  4.9951852D+09  4.6874600D+12  8.8244924D+03  1.4865362D+00  2.5250387D+06  2.97929D-01  2.97929D-01  7.91099D+33
  1.2717347D+30  4.9540832D+09  4.8941668D+12  8.9392053D+03  1.5186436D+00  2.5496050D+06  3.00647D-01  3.00647D-01  7.96241D+33
  1.2524419D+30  4.9129821D+09  5.1056683D+12  9.0541365D+03  1.5508643D+00  2.5745590D+06  3.03242D-01  3.03242D-01  8.01429D+33
  1.2330693D+30  4.8718789D+09  5.3219739D+12  9.1692490D+03  1.5831739D+00  2.6006785D+06  3.05369D-01  3.05369D-01  8.06693D+33
  1.2136188D+30  4.8307569D+09  5.5431618D+12  9.2842685D+03  1.6155341D+00  2.6280739D+06  3.06893D-01  3.06893D-01  8.12162D+33
  1.1940991D+30  4.7896127D+09  5.7692366D+12  9.3991638D+03  1.6479332D+00  2.6550201D+06  3.08430D-01  3.08430D-01  8.17861D+33
  1.1745187D+30  4.7484432D+09  6.0001985D+12  9.5139144D+03  1.6803664D+00  2.6820655D+06  3.09822D-01  3.09822D-01  8.23810D+33
  1.1548857D+30  4.7072441D+09  6.2360538D+12  9.6284793D+03  1.7128243D+00  2.7092144D+06  3.11072D-01  3.11072D-01  8.30038D+33
  1.1352081D+30  4.6660108D+09  6.4768073D+12  9.7428178D+03  1.7452976D+00  2.7364702D+06  3.12184D-01  3.12184D-01  8.36576D+33
  1.1154935D+30  4.6247387D+09  6.7224626D+12  9.8568907D+03  1.7777772D+00  2.7638358D+06  3.13162D-01  3.13162D-01  8.43451D+33
  1.0957500D+30  4.5834229D+09  6.9730224D+12  9.9706593D+03  1.8102545D+00  2.7913136D+06  3.14008D-01  3.14008D-01  8.50692D+33
  1.0759831D+30  4.5420541D+09  7.2285149D+12  1.0084002D+04  1.8427189D+00  2.8194610D+06  3.13913D-01  3.13913D-01  8.58361D+33
  1.0561955D+30  4.5006166D+09  7.4890083D+12  1.0196668D+04  1.8751729D+00  2.8466163D+06  3.13778D-01  3.13778D-01  8.66573D+33
  1.0363971D+30  4.4591098D+09  7.7544774D+12  1.0308705D+04  1.9076284D+00  2.8732424D+06  3.13633D-01  3.13633D-01  8.75322D+33
  1.0165961D+30  4.4175305D+09  8.0249145D+12  1.0420108D+04  1.9400894D+00  2.8993996D+06  3.13462D-01  3.13462D-01  8.84629D+33
  9.9680068D+29  4.3758752D+09  8.3003109D+12  1.0530872D+04  1.9725598D+00  2.9250899D+06  3.13271D-01  3.13271D-01  8.94513D+33
  9.7701891D+29  4.3341407D+09  8.5806572D+12  1.0640993D+04  2.0050434D+00  2.9503158D+06  3.13062D-01  3.13062D-01  9.04997D+33
  9.5725873D+29  4.2923234D+09  8.8659430D+12  1.0750471D+04  2.0375440D+00  2.9750808D+06  3.12842D-01  3.12842D-01  9.16102D+33
  9.3752795D+29  4.2504199D+09  9.1561573D+12  1.0859305D+04  2.0700652D+00  2.9993885D+06  3.12613D-01  3.12613D-01  9.27853D+33
  9.1783428D+29  4.2084267D+09  9.4512883D+12  1.0967497D+04  2.1026105D+00  3.0231751D+06  3.12324D-01  3.12324D-01  9.40275D+33
  8.9817836D+29  4.1663255D+09  9.7514309D+12  1.1074727D+04  2.1352293D+00  3.0433791D+06  3.10270D-01  3.10270D-01  9.53524D+33
  8.7856418D+29  4.1241058D+09  1.0056632D+13  1.1180829D+04  2.1679694D+00  3.0629115D+06  3.08561D-01  3.08561D-01  9.67701D+33
  8.5900073D+29  4.0817685D+09  1.0366863D+13  1.1285875D+04  2.2008312D+00  3.0820721D+06  3.07065D-01  3.07065D-01  9.82813D+33
  8.3949665D+29  4.0393136D+09  1.0682092D+13  1.1389931D+04  2.2338136D+00  3.1009042D+06  3.05761D-01  3.05761D-01  9.98875D+33
  8.2006028D+29  3.9967405D+09  1.1002292D+13  1.1493057D+04  2.2669147D+00  3.1194484D+06  3.04630D-01  3.04630D-01  1.01591D+34
  8.0069973D+29  3.9540481D+09  1.1327434D+13  1.1595308D+04  2.3001322D+00  3.1377429D+06  3.03655D-01  3.03655D-01  1.03393D+34
  7.8142282D+29  3.9112348D+09  1.1657491D+13  1.1696732D+04  2.3334633D+00  3.1558234D+06  3.02821D-01  3.02821D-01  1.05298D+34
  7.6223720D+29  3.8682984D+09  1.1992436D+13  1.1797376D+04  2.3669044D+00  3.1737236D+06  3.02116D-01  3.02116D-01  1.07308D+34
  7.4315031D+29  3.8252365D+09  1.2332239D+13  1.1897281D+04  2.4004518D+00  3.1914755D+06  3.01527D-01  3.01527D-01  1.09429D+34
  7.2416938D+29  3.7820460D+09  1.2676874D+13  1.1996486D+04  2.4341012D+00  3.2090829D+06  3.01132D-01  3.01132D-01  1.11664D+34
  7.0530166D+29  3.7387236D+09  1.3026309D+13  1.2095031D+04  2.4678575D+00  3.2253929D+06  3.00361D-01  3.00361D-01  1.14019D+34
  6.8655059D+29  3.6952578D+09  1.3380584D+13  1.2192761D+04  2.5017442D+00  3.2413568D+06  2.99497D-01  2.99497D-01  1.16507D+34
  6.6792353D+29  3.6516457D+09  1.3739662D+13  1.2289730D+04  2.5357525D+00  3.2574289D+06  2.98794D-01  2.98794D-01  1.19135D+34
  6.4942765D+29  3.6078839D+09  1.4103508D+13  1.2385987D+04  2.5698726D+00  3.2736395D+06  2.98233D-01  2.98233D-01  1.21908D+34
  6.3106991D+29  3.5639684D+09  1.4472086D+13  1.2481576D+04  2.6040942D+00  3.2900184D+06  2.97796D-01  2.97796D-01  1.24834D+34
  6.1285713D+29  3.5198945D+09  1.4845360D+13  1.2576534D+04  2.6384065D+00  3.3065947D+06  2.97467D-01  2.97467D-01  1.27922D+34
  5.9479601D+29  3.4756569D+09  1.5223296D+13  1.2670895D+04  2.6727983D+00  3.3233969D+06  2.97233D-01  2.97233D-01  1.31181D+34
  5.7689310D+29  3.4312497D+09  1.5605855D+13  1.2764689D+04  2.7072581D+00  3.3404531D+06  2.97081D-01  2.97081D-01  1.34620D+34
  5.5915486D+29  3.3866666D+09  1.5993003D+13  1.2857939D+04  2.7417740D+00  3.3577910D+06  2.97000D-01  2.97000D-01  1.38252D+34
  5.4158768D+29  3.3419006D+09  1.6384700D+13  1.2950670D+04  2.7763337D+00  3.3754377D+06  2.96980D-01  2.96980D-01  1.42089D+34
  5.2419784D+29  3.2969441D+09  1.6780910D+13  1.3042898D+04  2.8109221D+00  3.3939313D+06  2.97027D-01  2.97027D-01  1.46144D+34
  5.0699178D+29  3.2517892D+09  1.7181590D+13  1.3134650D+04  2.8455100D+00  3.4132642D+06  2.97144D-01  2.97144D-01  1.50434D+34
  4.8997576D+29  3.2064272D+09  1.7586697D+13  1.3225943D+04  2.8800795D+00  3.4338435D+06  2.97852D-01  2.97852D-01  1.54975D+34
  4.7316057D+29  3.1608610D+09  1.7996078D+13  1.3317099D+04  2.9145791D+00  3.4556480D+06  2.99115D-01  2.99115D-01  1.59768D+34
  4.5655187D+29  3.1150792D+09  1.8409696D+13  1.3408108D+04  2.9489980D+00  3.4775063D+06  3.00307D-01  3.00307D-01  1.64833D+34
  4.4015521D+29  3.0690697D+09  1.8827517D+13  1.3498948D+04  2.9833319D+00  3.4994186D+06  3.01427D-01  3.01427D-01  1.70195D+34
  4.2397616D+29  3.0228200D+09  1.9249505D+13  1.3589603D+04  3.0175762D+00  3.5213849D+06  3.02478D-01  3.02478D-01  1.75877D+34
  4.0802032D+29  2.9763173D+09  1.9675628D+13  1.3680053D+04  3.0517267D+00  3.5434051D+06  3.03461D-01  3.03461D-01  1.81909D+34
  3.9229334D+29  2.9295479D+09  2.0105850D+13  1.3770281D+04  3.0857793D+00  3.5654788D+06  3.04378D-01  3.04378D-01  1.88321D+34
  3.7680086D+29  2.8824978D+09  2.0540137D+13  1.3860271D+04  3.1197302D+00  3.5876056D+06  3.05230D-01  3.05230D-01  1.95147D+34
  3.6154859D+29  2.8351525D+09  2.0978456D+13  1.3950007D+04  3.1535757D+00  3.6097852D+06  3.06019D-01  3.06019D-01  2.02426D+34
  3.4654225D+29  2.7874967D+09  2.1420775D+13  1.4039473D+04  3.1873124D+00  3.6320170D+06  3.06746D-01  3.06746D-01  2.10201D+34
  3.3178761D+29  2.7395145D+09  2.1867062D+13  1.4128656D+04  3.2209372D+00  3.6543007D+06  3.07413D-01  3.07413D-01  2.18517D+34
  3.1729048D+29  2.6911890D+09  2.2317291D+13  1.4217543D+04  3.2544428D+00  3.6771083D+06  3.08030D-01  3.08030D-01  2.27428D+34
  3.0305680D+29  2.6425030D+09  2.2771432D+13  1.4306126D+04  3.2878240D+00  3.6997703D+06  3.08617D-01  3.08617D-01  2.36993D+34
  2.8909252D+29  2.5934383D+09  2.3229461D+13  1.4394403D+04  3.3210826D+00  3.7222710D+06  3.09173D-01  3.09173D-01  2.47278D+34
  2.7540366D+29  2.5439758D+09  2.3691357D+13  1.4482369D+04  3.3542195D+00  3.7449690D+06  3.09912D-01  3.09912D-01  2.58357D+34
  2.6199775D+29  2.4941009D+09  2.4157055D+13  1.4570165D+04  3.3872197D+00  3.7681569D+06  3.11039D-01  3.11039D-01  2.70300D+34
  2.4888093D+29  2.4437930D+09  2.4626539D+13  1.4657807D+04  3.4200842D+00  3.7910046D+06  3.12081D-01  3.12081D-01  2.83200D+34
  2.3605904D+29  2.3930288D+09  2.5099817D+13  1.4745281D+04  3.4528203D+00  3.8135166D+06  3.13039D-01  3.13039D-01  2.97164D+34
  2.2353797D+29  2.3417840D+09  2.5576907D+13  1.4832576D+04  3.4854355D+00  3.8356983D+06  3.13916D-01  3.13916D-01  3.12312D+34
  2.1132368D+29  2.2900327D+09  2.6057840D+13  1.4919682D+04  3.5179381D+00  3.8575561D+06  3.14714D-01  3.14714D-01  3.28784D+34
  1.9942218D+29  2.2377475D+09  2.6542662D+13  1.5006595D+04  3.5503370D+00  3.8790976D+06  3.15435D-01  3.15435D-01  3.46737D+34
  1.8783957D+29  2.1848992D+09  2.7031441D+13  1.5093311D+04  3.5826421D+00  3.9003313D+06  3.16082D-01  3.16082D-01  3.66355D+34
  1.7658198D+29  2.1314567D+09  2.7524268D+13  1.5179833D+04  3.6148644D+00  3.9212667D+06  3.16658D-01  3.16658D-01  3.87846D+34
  1.6565566D+29  2.0773868D+09  2.8021261D+13  1.5266169D+04  3.6470165D+00  3.9419147D+06  3.17164D-01  3.17164D-01  4.11452D+34
  1.5506689D+29  2.0226539D+09  2.8522576D+13  1.5352330D+04  3.6791123D+00  3.9622874D+06  3.17602D-01  3.17602D-01  4.37452D+34
  1.4482206D+29  1.9672198D+09  2.9028411D+13  1.5438338D+04  3.7111688D+00  3.9822824D+06  3.17979D-01  3.17979D-01  4.66170D+34
  1.3492764D+29  1.9110436D+09  2.9539021D+13  1.5524221D+04  3.7432086D+00  4.0018261D+06  3.18307D-01  3.18307D-01  4.97982D+34
  1.2539015D+29  1.8540809D+09  3.0054723D+13  1.5610021D+04  3.7752554D+00  4.0211296D+06  3.18580D-01  3.18580D-01  5.33327D+34
  1.1621622D+29  1.7962837D+09  3.0575923D+13  1.5695789D+04  3.8073362D+00  4.0402135D+06  3.18802D-01  3.18802D-01  5.72715D+34
  1.0741253D+29  1.7376003D+09  3.1103130D+13  1.5781591D+04  3.8394831D+00  4.0591010D+06  3.18973D-01  3.18973D-01  6.16743D+34
  9.8985839D+28  1.6779740D+09  3.1636989D+13  1.5867512D+04  3.8717355D+00  4.0777931D+06  3.19062D-01  3.19062D-01  6.66108D+34
  9.0942851D+28  1.6173425D+09  3.2178323D+13  1.5953633D+04  3.9041427D+00  4.0963081D+06  3.19021D-01  3.19021D-01  7.21630D+34
  8.3290519D+28  1.5556390D+09  3.2728165D+13  1.6040095D+04  3.9367632D+00  4.1148084D+06  3.18996D-01  3.18996D-01  7.84254D+34
  7.6035928D+28  1.4927916D+09  3.3287827D+13  1.6127086D+04  3.9696689D+00  4.1333333D+06  3.18986D-01  3.18986D-01  8.55069D+34
  6.9186205D+28  1.4287217D+09  3.3858994D+13  1.6214843D+04  4.0029507D+00  4.1519316D+06  3.18988D-01  3.18988D-01  9.35323D+34
  6.2748517D+28  1.3633449D+09  3.4443847D+13  1.6303667D+04  4.0367250D+00  4.1706643D+06  3.19001D-01  3.19001D-01  1.02642D+35
  5.6730048D+28  1.2965703D+09  3.5045229D+13  1.6393942D+04  4.0711414D+00  4.1896094D+06  3.19025D-01  3.19025D-01  1.12990D+35
  5.1137979D+28  1.2283021D+09  3.5666889D+13  1.6486167D+04  4.1063954D+00  4.2088667D+06  3.19058D-01  3.19058D-01  1.24739D+35
  4.5979430D+28  1.1584422D+09  3.6313821D+13  1.6580997D+04  4.1427446D+00  4.2285668D+06  3.19098D-01  3.19098D-01  1.38046D+35
  4.1261373D+28  1.0868949D+09  3.6992770D+13  1.6679304D+04  4.1805334D+00  4.2488820D+06  3.19145D-01  3.19145D-01  1.53045D+35
  3.6990463D+28  1.0135766D+09  3.7712974D+13  1.6782268D+04  4.2202290D+00  4.2700436D+06  3.19198D-01  3.19198D-01  1.69807D+35
  3.3172742D+28  9.3843262D+08  3.8487280D+13  1.6891508D+04  4.2624755D+00  4.2921314D+06  3.19352D-01  3.19352D-01  1.88287D+35
  2.9813172D+28  8.6146910D+08  3.9333820D+13  1.7009325D+04  4.3081762D+00  4.3156306D+06  3.19591D-01  3.19591D-01  2.08242D+35
  2.6914420D+28  7.8279690D+08  4.0278657D+13  1.7138904D+04  4.3586056D+00  4.3412909D+06  3.19856D-01  3.19856D-01  2.29148D+35
  2.6914420D+28  7.8279690D+08  4.0278657D+13  0.0000000D+00  9.5934432D+00  3.1786786D+06  0.00000D+00  0.00000D+00  0.00000D+00
  2.6241559D+28  7.7359271D+08  4.0536072D+13  0.0000000D+00  9.6188726D+00  3.1845682D+06  0.00000D+00  0.00000D+00  0.00000D+00
  2.5568699D+28  7.6418955D+08  4.0799350D+13  0.0000000D+00  9.6447842D+00  3.1905767D+06  0.00000D+00  0.00000D+00  0.00000D+00
  2.4895838D+28  7.5457557D+08  4.1068893D+13  0.0000000D+00  9.6712117D+00  3.1967126D+06  0.00000D+00  0.00000D+00  0.00000D+00
  2.4222978D+28  7.4473772D+08  4.1345147D+13  0.0000000D+00  9.6981921D+00  3.2029852D+06  0.00000D+00  0.00000D+00  0.00000D+00
  2.3550117D+28  7.3466162D+08  4.1628612D+13  0.0000000D+00  9.7257674D+00  3.2094048D+06  0.00000D+00  0.00000D+00  0.00000D+00
  2.2877257D+28  7.2433137D+08  4.1919850D+13  0.0000000D+00  9.7539842D+00  3.2159832D+06  0.00000D+00  0.00000D+00  0.00000D+00
  2.2204396D+28  7.1372930D+08  4.2219494D+13  0.0000000D+00  9.7828956D+00  3.2227337D+06  0.00000D+00  0.00000D+00  0.00000D+00
  2.1531536D+28  7.0283570D+08  4.2528267D+13  0.0000000D+00  9.8125614D+00  3.2296712D+06  0.00000D+00  0.00000D+00  0.00000D+00
  2.0858675D+28  6.9162848D+08  4.2846992D+13  0.0000000D+00  9.8430502D+00  3.2368128D+06  0.00000D+00  0.00000D+00  0.00000D+00
  2.0185815D+28  6.8008274D+08  4.3176616D+13  0.0000000D+00  9.8744405D+00  3.2441784D+06  0.00000D+00  0.00000D+00  0.00000D+00
  1.9512954D+28  6.6817029D+08  4.3518235D+13  0.0000000D+00  9.9068232D+00  3.2517907D+06  0.00000D+00  0.00000D+00  0.00000D+00
  1.8840094D+28  6.5585897D+08  4.3873129D+13  0.0000000D+00  9.9403044D+00  3.2596763D+06  0.00000D+00  0.00000D+00  0.00000D+00
  1.8167233D+28  6.4311190D+08  4.4242803D+13  0.0000000D+00  9.9750084D+00  3.2678664D+06  0.00000D+00  0.00000D+00  0.00000D+00
  1.7494373D+28  6.2988641D+08  4.4629046D+13  0.0000000D+00  1.0011083D+01  3.2763983D+06  0.00000D+00  0.00000D+00  0.00000D+00
  1.6821512D+28  6.1613276D+08  4.5034007D+13  0.0000000D+00  1.0048705D+01  3.2853165D+06  0.00000D+00  0.00000D+00  0.00000D+00
  1.6148652D+28  6.0179237D+08  4.5460295D+13  0.0000000D+00  1.0088088D+01  3.2946751D+06  0.00000D+00  0.00000D+00  0.00000D+00
  1.5475791D+28  5.8679557D+08  4.5911125D+13  0.0000000D+00  1.0129496D+01  3.3045407D+06  0.00000D+00  0.00000D+00  0.00000D+00
  1.4802931D+28  5.7105844D+08  4.6390518D+13  0.0000000D+00  1.0173258D+01  3.3149964D+06  0.00000D+00  0.00000D+00  0.00000D+00
  1.4130070D+28  5.5447847D+08  4.6903593D+13  0.0000000D+00  1.0219791D+01  3.3261481D+06  0.00000D+00  0.00000D+00  0.00000D+00
  1.3457210D+28  5.3692843D+08  4.7457008D+13  0.0000000D+00  1.0269634D+01  3.3381331D+06  0.00000D+00  0.00000D+00  0.00000D+00
  1.3457210D+28  5.3692843D+08  4.7457008D+13  0.0000000D+00  1.9662017D+01  2.4574570D+06  0.00000D+00  0.00000D+00  0.00000D+00
  1.1442258D+28  5.0723572D+08  4.9239141D+13  0.0000000D+00  1.9954139D+01  2.4824426D+06  0.00000D+00  0.00000D+00  0.00000D+00
  9.6391999D+27  4.7780153D+08  5.0943443D+13  0.0000000D+00  2.0228094D+01  2.5059778D+06  0.00000D+00  0.00000D+00  0.00000D+00
  8.0362635D+27  4.4860349D+08  5.2566718D+13  0.0000000D+00  2.0484314D+01  2.5280995D+06  0.00000D+00  0.00000D+00  0.00000D+00
  6.6216771D+27  4.1962092D+08  5.4105991D+13  0.0000000D+00  2.0723191D+01  2.5488358D+06  0.00000D+00  0.00000D+00  0.00000D+00
  5.3836687D+27  3.9083466D+08  5.5558491D+13  0.0000000D+00  2.0945082D+01  2.5682070D+06  0.00000D+00  0.00000D+00  0.00000D+00
  4.3104665D+27  3.6222685D+08  5.6921653D+13  0.0000000D+00  2.1150314D+01  2.5862279D+06  0.00000D+00  0.00000D+00  0.00000D+00
  3.3902987D+27  3.3378076D+08  5.8193109D+13  0.0000000D+00  2.1339188D+01  2.6029084D+06  0.00000D+00  0.00000D+00  0.00000D+00
  2.6113932D+27  3.0548068D+08  5.9370684D+13  0.0000000D+00  2.1511977D+01  2.6182550D+06  0.00000D+00  0.00000D+00  0.00000D+00
  1.9619784D+27  2.7731175D+08  6.0452391D+13  0.0000000D+00  2.1668928D+01  2.6322712D+06  0.00000D+00  0.00000D+00  0.00000D+00
  1.4302823D+27  2.4925988D+08  6.1436430D+13  0.0000000D+00  2.1810267D+01  2.6449585D+06  0.00000D+00  0.00000D+00  0.00000D+00
  1.0045329D+27  2.2131165D+08  6.2321180D+13  0.0000000D+00  2.1936194D+01  2.6563170D+06  0.00000D+00  0.00000D+00  0.00000D+00
  6.7295859D+26  1.9345421D+08  6.3105199D+13  0.0000000D+00  2.2046890D+01  2.6663458D+06  0.00000D+00  0.00000D+00  0.00000D+00
  4.2378733D+26  1.6567518D+08  6.3787222D+13  0.0000000D+00  2.2142510D+01  2.6750431D+06  0.00000D+00  0.00000D+00  0.00000D+00
  2.4524730D+26  1.3796263D+08  6.4366156D+13  0.0000000D+00  2.2223192D+01  2.6824069D+06  0.00000D+00  0.00000D+00  0.00000D+00
  1.2556662D+26  1.1030497D+08  6.4841079D+13  0.0000000D+00  2.2289048D+01  2.6884354D+06  0.00000D+00  0.00000D+00  0.00000D+00
  5.2973417D+25  8.2690889D+07  6.5211241D+13  0.0000000D+00  2.2340173D+01  2.6931264D+06  0.00000D+00  0.00000D+00  0.00000D+00
  1.5695827D+25  5.5109295D+07  6.5476057D+13  0.0000000D+00  2.2376640D+01  2.6964784D+06  0.00000D+00  0.00000D+00  0.00000D+00
  1.9619784D+24  2.7549269D+07  6.5635113D+13  0.0000000D+00  2.2398499D+01  2.6984901D+06  0.00000D+00  0.00000D+00  0.00000D+00
  0.0000000D+00  0.0000000D+00  6.5688160D+13  0.0000000D+00  2.2405782D+01  2.6991608D+06  0.00000D+00  0.00000D+00  0.00000D+00
