  M [g]          R [cm]       P [dyn/cm2]      T [K]          Rho [cgs]    Vson [cm/s]    Gradc []     Grada []     Gradr []
  1.8986112D+30  6.9894602D+09  1.0000000D+06  1.6500000D+02  1.6857875D-04  9.3488178D+04  3.20582D-01  3.20567D-01  9.38829D+33
  1.8986112D+30  6.9890554D+09  1.1761043D+06  1.7379075D+02  1.8821372D-04  9.5877073D+04  3.19408D-01  3.19395D-01  8.97142D+33
  1.8986111D+30  6.9886279D+09  1.3838417D+06  1.8302384D+02  2.1025617D-04  9.8237970D+04  3.17084D-01  3.17073D-01  8.58179D+33
  1.8986110D+30  6.9881761D+09  1.6292317D+06  1.9271232D+02  2.3505725D-04  1.0065785D+05  3.14855D-01  3.14845D-01  8.21991D+33
  1.8986110D+30  6.9876987D+09  1.9192738D+06  2.0287625D+02  2.6298581D-04  1.0312653D+05  3.12596D-01  3.12587D-01  7.88378D+33
  1.8986109D+30  6.9871943D+09  2.2622503D+06  2.1353770D+02  2.9446074D-04  1.0565609D+05  3.10444D-01  3.10436D-01  7.57120D+33
  1.8986108D+30  6.9866618D+09  2.6680222D+06  2.2471931D+02  3.2998832D-04  1.0823625D+05  3.08332D-01  3.08325D-01  7.28031D+33
  1.8986107D+30  6.9860997D+09  3.1482628D+06  2.3644583D+02  3.7021741D-04  1.1086302D+05  3.06397D-01  3.06391D-01  7.00917D+33
  1.8986105D+30  6.9855072D+09  3.7167559D+06  2.4874474D+02  4.1610089D-04  1.1349293D+05  3.04603D-01  3.04597D-01  6.75571D+33
  1.8986103D+30  6.9848841D+09  4.3898036D+06  2.6164569D+02  4.6927286D-04  1.1603564D+05  3.03072D-01  3.03067D-01  6.51798D+33
  1.8986101D+30  6.9842319D+09  5.1866688D+06  2.7518091D+02  5.3288607D-04  1.1827131D+05  3.01726D-01  3.01722D-01  6.29416D+33
  1.8986099D+30  6.9835514D+09  6.1300640D+06  2.8938527D+02  6.0053046D-04  1.2104742D+05  3.00594D-01  3.00591D-01  6.08249D+33
  1.8986096D+30  6.9828344D+09  7.2470459D+06  3.0429087D+02  6.7484801D-04  1.2409535D+05  2.99560D-01  2.99557D-01  5.88204D+33
  1.8986093D+30  6.9820794D+09  8.5693157D+06  3.1993638D+02  7.5853787D-04  1.2724037D+05  2.98768D-01  2.98765D-01  5.69134D+33
  1.8986089D+30  6.9812846D+09  1.0134431D+07  3.3636111D+02  8.5274575D-04  1.3049151D+05  2.98143D-01  2.98141D-01  5.50933D+33
  1.8986084D+30  6.9804482D+09  1.1986720D+07  3.5360657D+02  9.5874752D-04  1.3383181D+05  2.97599D-01  2.97597D-01  5.33509D+33
  1.8986079D+30  6.9795680D+09  1.4178741D+07  3.7171470D+02  1.0779857D-03  1.3728156D+05  2.97167D-01  2.97165D-01  5.16799D+33
  1.8986073D+30  6.9786420D+09  1.6772562D+07  3.9072980D+02  1.2120773D-03  1.4082965D+05  2.96804D-01  2.96802D-01  5.00745D+33
  1.8986065D+30  6.9776679D+09  1.9841203D+07  4.1070013D+02  1.3627781D-03  1.4449767D+05  2.96540D-01  2.96538D-01  4.85279D+33
  1.8986056D+30  6.9766433D+09  2.3471538D+07  4.3167240D+02  1.5321296D-03  1.4827926D+05  2.96332D-01  2.96331D-01  4.70379D+33
  1.8986045D+30  6.9755656D+09  2.7765444D+07  4.5369946D+02  1.7223097D-03  1.5216813D+05  2.96100D-01  2.96099D-01  4.55990D+33
  1.8986032D+30  6.9744319D+09  3.2844666D+07  4.7683006D+02  1.9359036D-03  1.5619134D+05  2.95918D-01  2.95917D-01  4.42114D+33
  1.8986017D+30  6.9732393D+09  3.8852087D+07  5.0111978D+02  2.1756636D-03  1.6031740D+05  2.95661D-01  2.95660D-01  4.28719D+33
  1.8986000D+30  6.9719847D+09  4.5957172D+07  5.2662422D+02  2.4447339D-03  1.6461397D+05  2.95506D-01  2.95505D-01  4.15791D+33
  1.8985979D+30  6.9706646D+09  5.4360136D+07  5.5340184D+02  2.7465890D-03  1.6900641D+05  2.95220D-01  2.95219D-01  4.03314D+33
  1.8985954D+30  6.9692754D+09  6.4297679D+07  5.8151349D+02  3.0850978D-03  1.7358165D+05  2.94983D-01  2.94982D-01  3.91275D+33
  1.8985925D+30  6.9678131D+09  7.6052092D+07  6.1101684D+02  3.4647606D-03  1.7826753D+05  2.94581D-01  2.94581D-01  3.79686D+33
  1.8985891D+30  6.9662737D+09  8.9954677D+07  6.4197858D+02  3.8902710D-03  1.8314930D+05  2.94185D-01  2.94185D-01  3.68527D+33
  1.8985850D+30  6.9646523D+09  1.0640253D+08  6.7445798D+02  4.3672810D-03  1.8817757D+05  2.93672D-01  2.93671D-01  3.57817D+33
  1.8985802D+30  6.9629444D+09  1.2585965D+08  7.0852830D+02  4.9015416D-03  1.9338711D+05  2.93065D-01  2.93065D-01  3.47526D+33
  1.8985745D+30  6.9611441D+09  1.4888865D+08  7.4424488D+02  5.5003537D-03  1.9877337D+05  2.92339D-01  2.92339D-01  3.37698D+33
  1.8985677D+30  6.9592464D+09  1.7614452D+08  7.8168389D+02  6.1708727D-03  2.0434147D+05  2.91456D-01  2.91456D-01  3.28304D+33
  1.8985598D+30  6.9572443D+09  2.0842017D+08  8.2090370D+02  6.9220835D-03  2.1016406D+05  2.90494D-01  2.90494D-01  3.19378D+33
  1.8985504D+30  6.9551316D+09  2.4664616D+08  8.6197836D+02  7.7629898D-03  2.1612457D+05  2.89264D-01  2.89264D-01  3.10903D+33
  1.8985392D+30  6.9529005D+09  2.9194824D+08  9.0496463D+02  8.7048110D-03  2.2243326D+05  2.87962D-01  2.87962D-01  3.02913D+33
  1.8985260D+30  6.9505431D+09  3.4565456D+08  9.4993259D+02  9.7591124D-03  2.2885699D+05  2.86353D-01  2.86353D-01  2.95402D+33
  1.8985104D+30  6.9480505D+09  4.0936309D+08  9.9694131D+02  1.0939087D-02  2.3573921D+05  2.84713D-01  2.84712D-01  2.88387D+33
  1.8984919D+30  6.9454131D+09  4.8497430D+08  1.0460552D+03  1.2259683D-02  2.4276537D+05  2.82704D-01  2.82704D-01  2.81871D+33
  1.8984699D+30  6.9426205D+09  5.7477397D+08  1.0973291D+03  1.3736901D-02  2.5021111D+05  2.80670D-01  2.80670D-01  2.75870D+33
  1.8984439D+30  6.9396611D+09  6.8148945D+08  1.1508211D+03  1.5389703D-02  2.5796870D+05  2.78274D-01  2.78273D-01  2.70389D+33
  1.8984129D+30  6.9365224D+09  8.0839319D+08  1.2065837D+03  1.7236572D-02  2.6615069D+05  2.75890D-01  2.75890D-01  2.65436D+33
  1.8983762D+30  6.9331908D+09  9.5939379D+08  1.2646720D+03  1.9300169D-02  2.7481663D+05  2.73219D-01  2.73219D-01  2.61012D+33
  1.8983326D+30  6.9296515D+09  1.1391802D+09  1.3251352D+03  2.1603119D-02  2.8384515D+05  2.70554D-01  2.70554D-01  2.57121D+33
  1.8982807D+30  6.9258878D+09  1.3533829D+09  1.3880157D+03  2.4171822D-02  2.9361773D+05  2.67591D-01  2.67591D-01  2.53770D+33
  1.8982190D+30  6.9218816D+09  1.6087398D+09  1.4533555D+03  2.7031902D-02  3.0386051D+05  2.64663D-01  2.64663D-01  2.50963D+33
  1.8981456D+30  6.9176127D+09  1.9133438D+09  1.5211875D+03  3.0212636D-02  3.1491266D+05  2.61496D-01  2.61496D-01  2.48709D+33
  1.8980582D+30  6.9130594D+09  2.2768486D+09  1.5915489D+03  3.3745469D-02  3.2657203D+05  2.58352D-01  2.58352D-01  2.47003D+33
  1.8979541D+30  6.9081969D+09  2.7108887D+09  1.6644559D+03  3.7661285D-02  3.3914342D+05  2.55081D-01  2.55080D-01  2.45864D+33
  1.8978302D+30  6.9029993D+09  3.2292545D+09  1.7399415D+03  4.1994052D-02  3.5261738D+05  2.51837D-01  2.51837D-01  2.45281D+33
  1.8976827D+30  6.8974362D+09  3.8485796D+09  1.8180052D+03  4.6774982D-02  3.6704499D+05  2.48477D-01  2.48477D-01  2.45276D+33
  1.8975070D+30  6.8914756D+09  4.5885883D+09  1.8986574D+03  5.2040554D-02  3.8266089D+05  2.45152D-01  2.45152D-01  2.45848D+33
  1.8972978D+30  6.8850815D+09  5.4728538D+09  1.9818884D+03  5.7823860D-02  3.9923315D+05  2.41759D-01  2.41759D-01  2.47013D+33
  1.8970488D+30  6.8782147D+09  6.5293884D+09  2.0676802D+03  6.4159818D-02  4.1734010D+05  2.38444D-01  2.38444D-01  2.48782D+33
  1.8967527D+30  6.8708337D+09  7.7911445D+09  2.1560256D+03  7.1077744D-02  4.3668981D+05  2.35120D-01  2.35120D-01  2.51150D+33
  1.8964008D+30  6.8628904D+09  9.2975981D+09  2.2468569D+03  7.8611454D-02  4.5751820D+05  2.31815D-01  2.31815D-01  2.54154D+33
  1.8959830D+30  6.8543362D+09  1.1094604D+10  2.3401429D+03  8.6790091D-02  4.7977984D+05  2.28368D-01  2.28368D-01  2.57790D+33
  1.8954872D+30  6.8451095D+09  1.3238191D+10  2.4356941D+03  9.5653619D-02  5.0366276D+05  2.24779D-01  2.24779D-01  2.62165D+33
  1.8948997D+30  6.8351515D+09  1.5792644D+10  2.5333997D+03  1.0522944D-01  5.2915384D+05  2.20881D-01  2.20881D-01  2.67308D+33
  1.8942038D+30  6.8243890D+09  1.8836085D+10  2.6329757D+03  1.1555443D-01  5.5655478D+05  2.16768D-01  2.16768D-01  2.73360D+33
  1.8933819D+30  6.8127629D+09  2.2454049D+10  2.7343672D+03  1.2664400D-01  5.8572756D+05  2.13400D-01  2.13400D-01  2.80277D+33
  1.8924139D+30  6.8002118D+09  2.6744594D+10  2.8374795D+03  1.3850584D-01  6.1690140D+05  2.10210D-01  2.10210D-01  2.88036D+33
  1.8912782D+30  6.7866804D+09  3.1815852D+10  2.9422912D+03  1.5114218D-01  6.5002860D+05  2.07668D-01  2.07668D-01  2.96554D+33
  1.8899512D+30  6.7721130D+09  3.7788985D+10  3.0487339D+03  1.6453944D-01  6.8511000D+05  2.05393D-01  2.05393D-01  3.05770D+33
  1.8884054D+30  6.7564388D+09  4.4805682D+10  3.1565085D+03  1.7870726D-01  7.2233315D+05  2.02424D-01  2.02424D-01  3.15768D+33
  1.8866101D+30  6.7395762D+09  5.3029873D+10  3.2651451D+03  1.9364397D-01  7.6141879D+05  1.98884D-01  1.98884D-01  3.26728D+33
  1.8845298D+30  6.7214301D+09  6.2652767D+10  3.3739718D+03  2.0936559D-01  8.0324677D+05  1.93936D-01  1.93936D-01  3.38945D+33
  1.8821273D+30  6.7019173D+09  7.3881935D+10  3.4824131D+03  2.2587578D-01  8.4599387D+05  1.90383D-01  1.90383D-01  3.52636D+33
  1.8793771D+30  6.6810619D+09  8.6879832D+10  3.5910041D+03  2.4310674D-01  8.9083156D+05  1.89331D-01  1.89331D-01  3.67282D+33
  1.8762605D+30  6.6589323D+09  1.0178281D+11  3.7005778D+03  2.6097202D-01  9.3595248D+05  1.89109D-01  1.89109D-01  3.82174D+33
  1.8727361D+30  6.6354318D+09  1.1884574D+11  3.8099973D+03  2.7947498D-01  9.8451697D+05  1.86716D-01  1.86716D-01  3.97893D+33
  1.8687683D+30  6.6105156D+09  1.3830757D+11  3.9186551D+03  2.9856678D-01  1.0348400D+06  1.84012D-01  1.84012D-01  4.14668D+33
  1.8643261D+30  6.5841683D+09  1.6039722D+11  4.0261843D+03  3.1817943D-01  1.0872263D+06  1.82159D-01  1.82159D-01  4.32572D+33
  1.8594005D+30  6.5564931D+09  1.8524600D+11  4.1333419D+03  3.3825262D-01  1.1379800D+06  1.82602D-01  1.82602D-01  4.50950D+33
  1.8539774D+30  6.5275479D+09  2.1301721D+11  4.2402527D+03  3.5873427D-01  1.1909010D+06  1.83070D-01  1.83070D-01  4.69571D+33
  1.8480468D+30  6.4973935D+09  2.4386357D+11  4.3470020D+03  3.7956307D-01  1.2426295D+06  1.84701D-01  1.84701D-01  4.88239D+33
  1.8416041D+30  6.4661039D+09  2.7791653D+11  4.4537368D+03  4.0070731D-01  1.2951184D+06  1.86338D-01  1.86338D-01  5.06732D+33
  1.8346416D+30  6.4337226D+09  3.1533232D+11  4.5602536D+03  4.2213275D-01  1.3475524D+06  1.88176D-01  1.88176D-01  5.25073D+33
  1.8271621D+30  6.4003283D+09  3.5621790D+11  4.6666895D+03  4.4378865D-01  1.4000768D+06  1.90222D-01  1.90222D-01  5.43077D+33
  1.8191636D+30  6.3659650D+09  4.0071137D+11  4.7728229D+03  4.6566798D-01  1.4517920D+06  1.91942D-01  1.91942D-01  5.60811D+33
  1.8106458D+30  6.3306752D+09  4.4894895D+11  4.8784101D+03  4.8776242D-01  1.5032654D+06  1.93120D-01  1.93120D-01  5.78373D+33
  1.8016129D+30  6.2945098D+09  5.0104831D+11  4.9833091D+03  5.1003843D-01  1.5552467D+06  1.94470D-01  1.94470D-01  5.95806D+33
  1.7920745D+30  6.2575314D+09  5.5709794D+11  5.0875283D+03  5.3244582D-01  1.6078512D+06  1.96272D-01  1.96272D-01  6.13065D+33
  1.7820508D+30  6.2198289D+09  6.1712754D+11  5.1913915D+03  5.5491726D-01  1.6609270D+06  1.98598D-01  1.98598D-01  6.29909D+33
  1.7715526D+30  6.1814438D+09  6.8122238D+11  5.2947746D+03  5.7741652D-01  1.7148226D+06  2.00404D-01  2.00404D-01  6.46403D+33
  1.7605890D+30  6.1424035D+09  7.4948079D+11  5.3974456D+03  5.9990495D-01  1.7695062D+06  2.02433D-01  2.02433D-01  6.62686D+33
  1.7491984D+30  6.1028294D+09  8.2181653D+11  5.5002317D+03  6.2230713D-01  1.8243997D+06  2.07162D-01  2.07162D-01  6.78219D+33
  1.7374115D+30  6.0628044D+09  8.9818217D+11  5.6036090D+03  6.4456871D-01  1.8798551D+06  2.11998D-01  2.11998D-01  6.92705D+33
  1.7252471D+30  6.0223620D+09  9.7860276D+11  5.7075796D+03  6.6666448D-01  1.9357200D+06  2.16796D-01  2.16796D-01  7.06164D+33
  1.7127333D+30  5.9815619D+09  1.0630361D+12  5.8124836D+03  6.8853395D-01  1.9950600D+06  2.24467D-01  2.24467D-01  7.18405D+33
  1.6999216D+30  5.9405290D+09  1.1512715D+12  5.9194764D+03  7.1004385D-01  2.0556548D+06  2.33040D-01  2.33040D-01  7.28742D+33
  1.6868290D+30  5.8992707D+09  1.2433203D+12  6.0284699D+03  7.3120014D-01  2.1160942D+06  2.41370D-01  2.41370D-01  7.37296D+33
  1.6734721D+30  5.8577930D+09  1.3391957D+12  6.1393807D+03  7.5201433D-01  2.1763207D+06  2.49473D-01  2.49473D-01  7.44193D+33
  1.6598628D+30  5.8160898D+09  1.4389443D+12  6.2519942D+03  7.7261727D-01  2.2210077D+06  2.56279D-01  2.56279D-01  7.49645D+33
  1.6460057D+30  5.7741469D+09  1.5426659D+12  6.3659213D+03  7.9326450D-01  2.2619833D+06  2.62503D-01  2.62503D-01  7.53969D+33
  1.6319111D+30  5.7319727D+09  1.6504219D+12  6.4810234D+03  8.1393863D-01  2.3039558D+06  2.68224D-01  2.68224D-01  7.57325D+33
  1.6155272D+30  5.6835024D+09  1.7785833D+12  6.6138567D+03  8.3758228D-01  2.3520205D+06  2.74270D-01  2.74270D-01  7.60142D+33
  1.6155239D+30  5.6834947D+09  1.7786085D+12  6.6138730D+03  1.0278635D-01  2.3363738D+06  2.73741D-01  2.73741D-01  7.60162D+33
  1.5991786D+30  5.6447099D+09  1.9091917D+12  6.6959625D+03  1.0637434D+00  1.9135279D+06  1.78884D-01  1.78884D-01  7.84619D+33
  1.5821041D+30  5.6050231D+09  2.0480368D+12  6.7841085D+03  1.1005296D+00  1.9728796D+06  1.94075D-01  1.94075D-01  8.07402D+33
  1.5648454D+30  5.5656550D+09  2.1908922D+12  6.8771284D+03  1.1360949D+00  2.0363621D+06  2.10136D-01  2.10136D-01  8.26950D+33
  1.5474300D+30  5.5265860D+09  2.3375843D+12  6.9751170D+03  1.1703451D+00  2.1021272D+06  2.25160D-01  2.25160D-01  8.43157D+33
  1.5297993D+30  5.4876116D+09  2.4886771D+12  7.0753841D+03  1.2036449D+00  2.1577965D+06  2.30176D-01  2.30176D-01  8.57615D+33
  1.5119123D+30  5.4485890D+09  2.6446194D+12  7.1759132D+03  1.2363148D+00  2.2114939D+06  2.33835D-01  2.33835D-01  8.71537D+33
  1.4937757D+30  5.4094886D+09  2.8054662D+12  7.2762895D+03  1.2684400D+00  2.2634817D+06  2.36510D-01  2.36510D-01  8.85193D+33
  1.4754122D+30  5.3703192D+09  2.9711254D+12  7.3766686D+03  1.3001068D+00  2.3096299D+06  2.42649D-01  2.42649D-01  8.98514D+33
  1.4568818D+30  5.3311723D+09  3.1411553D+12  7.4784892D+03  1.3313815D+00  2.3536570D+06  2.49969D-01  2.49969D-01  9.10684D+33
  1.4381953D+30  5.2920366D+09  3.3155415D+12  7.5816096D+03  1.3622838D+00  2.3973350D+06  2.56894D-01  2.56894D-01  9.21826D+33
  1.4193635D+30  5.2529019D+09  3.4942687D+12  7.6859007D+03  1.3928309D+00  2.4402393D+06  2.63461D-01  2.63461D-01  9.32055D+33
  1.4004229D+30  5.2138126D+09  3.6770710D+12  7.7921317D+03  1.4230773D+00  2.4760174D+06  2.75307D-01  2.75307D-01  9.40970D+33
  1.3814152D+30  5.1748270D+09  3.8636104D+12  7.9013247D+03  1.4530816D+00  2.5107159D+06  2.87065D-01  2.87065D-01  9.48042D+33
  1.3623458D+30  5.1359305D+09  4.0538899D+12  8.0133036D+03  1.4828594D+00  2.5448775D+06  2.98333D-01  2.98333D-01  9.53447D+33
  1.3432201D+30  5.0971092D+09  4.2479111D+12  8.1279123D+03  1.5124242D+00  2.5785549D+06  3.09157D-01  3.09157D-01  9.57349D+33
  1.3240496D+30  5.0583625D+09  4.4456153D+12  8.2452149D+03  1.5417954D+00  2.6096246D+06  3.22109D-01  3.22109D-01  9.59794D+33
  1.3048680D+30  5.0197364D+09  4.6467014D+12  8.3661139D+03  1.5709900D+00  2.6392454D+06  3.35998D-01  3.35998D-01  9.60376D+33
  1.2856800D+30  4.9812197D+09  4.8511603D+12  8.4905194D+03  1.6000179D+00  2.6686525D+06  3.49558D-01  3.49558D-01  9.59255D+33
  1.2664884D+30  4.9427977D+09  5.0590027D+12  8.6182837D+03  1.6288819D+00  2.6981951D+06  3.62454D-01  3.62454D-01  9.56618D+33
  1.2472959D+30  4.9044562D+09  5.2702418D+12  8.7492604D+03  1.6575820D+00  2.7277512D+06  3.74965D-01  3.74965D-01  9.52651D+33
  1.2281025D+30  4.8661761D+09  5.4849215D+12  8.8832079D+03  1.6861250D+00  2.7572030D+06  3.85795D-01  3.85795D-01  9.47577D+33
  1.2089044D+30  4.8279311D+09  5.7031317D+12  9.0197365D+03  1.7145249D+00  2.7866287D+06  3.96118D-01  3.96118D-01  9.41682D+33
  1.1897073D+30  4.7897144D+09  5.9248582D+12  9.1588124D+03  1.7427788D+00  2.8160436D+06  4.06144D-01  4.06144D-01  9.35060D+33
  1.1705150D+30  4.7515154D+09  6.1501085D+12  9.3003323D+03  1.7708908D+00  2.8452577D+06  4.15747D-01  4.15747D-01  9.27834D+33
  1.1513313D+30  4.7133247D+09  6.3788861D+12  9.4442084D+03  1.7988626D+00  2.8744613D+06  4.24513D-01  4.24513D-01  9.20111D+33
  1.1321556D+30  4.6751231D+09  6.6112554D+12  9.5901529D+03  1.8267026D+00  2.9034970D+06  4.32109D-01  4.32109D-01  9.12082D+33
  1.1129835D+30  4.6368855D+09  6.8473246D+12  9.7377323D+03  1.8544302D+00  2.9321926D+06  4.38410D-01  4.38410D-01  9.03980D+33
  1.0938189D+30  4.5986024D+09  7.0871093D+12  9.8868240D+03  1.8820490D+00  2.9608077D+06  4.44471D-01  4.44471D-01  8.95890D+33
  1.0746673D+30  4.5602682D+09  7.3306023D+12  1.0037383D+04  1.9095593D+00  2.9891362D+06  4.50240D-01  4.50240D-01  8.87855D+33
  1.0555328D+30  4.5218745D+09  7.5778152D+12  1.0189302D+04  1.9369735D+00  3.0167161D+06  4.55568D-01  4.55568D-01  8.79939D+33
  1.0364206D+30  4.4834154D+09  7.8287455D+12  1.0342523D+04  1.9642979D+00  3.0439998D+06  4.60433D-01  4.60433D-01  8.72185D+33
  1.0173316D+30  4.4448768D+09  8.0834453D+12  1.0496803D+04  1.9915438D+00  3.0708103D+06  4.64209D-01  4.64209D-01  8.64697D+33
  9.9826374D+29  4.4062385D+09  8.3420126D+12  1.0651747D+04  2.0187321D+00  3.0968481D+06  4.66523D-01  4.66523D-01  8.57631D+33
  9.7922006D+29  4.3674903D+09  8.6044809D+12  1.0807173D+04  2.0458735D+00  3.1225421D+06  4.68688D-01  4.68688D-01  8.51048D+33
  9.6020666D+29  4.3286287D+09  8.8708411D+12  1.0963045D+04  2.0729706D+00  3.1479008D+06  4.70722D-01  4.70722D-01  8.44955D+33
  9.4122986D+29  4.2896506D+09  9.1410796D+12  1.1119341D+04  2.1000193D+00  3.1737092D+06  4.72713D-01  4.72713D-01  8.39351D+33
  9.2229601D+29  4.2505528D+09  9.4151815D+12  1.1276043D+04  2.1270139D+00  3.1993030D+06  4.74597D-01  4.74597D-01  8.34237D+33
  9.0341102D+29  4.2113311D+09  9.6931369D+12  1.1433114D+04  2.1539582D+00  3.2241084D+06  4.76254D-01  4.76254D-01  8.29620D+33
  8.8457995D+29  4.1719799D+09  9.9749475D+12  1.1590480D+04  2.1808664D+00  3.2480664D+06  4.77240D-01  4.77240D-01  8.25517D+33
  8.6580185D+29  4.1324809D+09  1.0260707D+13  1.1747752D+04  2.2077600D+00  3.2712386D+06  4.77088D-01  4.77088D-01  8.22049D+33
  8.4708138D+29  4.0928276D+09  1.0550428D+13  1.1904819D+04  2.2346456D+00  3.2940790D+06  4.76850D-01  4.76850D-01  8.19242D+33
  8.2842469D+29  4.0530165D+09  1.0844100D+13  1.2061649D+04  2.2615246D+00  3.3168295D+06  4.76551D-01  4.76551D-01  8.17094D+33
  8.0983822D+29  4.0130446D+09  1.1141705D+13  1.2218230D+04  2.2883879D+00  3.3399941D+06  4.76234D-01  4.76234D-01  8.15602D+33
  7.9132816D+29  3.9729081D+09  1.1443231D+13  1.2374538D+04  2.3152321D+00  3.3629166D+06  4.75838D-01  4.75838D-01  8.14768D+33
  7.7290051D+29  3.9326030D+09  1.1748664D+13  1.2530544D+04  2.3420576D+00  3.3856811D+06  4.75378D-01  4.75378D-01  8.14598D+33
  7.5456139D+29  3.8921252D+09  1.2057989D+13  1.2686227D+04  2.3688626D+00  3.4083384D+06  4.74872D-01  4.74872D-01  8.15096D+33
  7.3631573D+29  3.8514678D+09  1.2371212D+13  1.2841498D+04  2.3956508D+00  3.4302927D+06  4.73395D-01  4.73395D-01  8.16288D+33
  7.1816421D+29  3.8106145D+09  1.2688411D+13  1.2996011D+04  2.4224393D+00  3.4517422D+06  4.71460D-01  4.71460D-01  8.18279D+33
  7.0011331D+29  3.7695615D+09  1.3009569D+13  1.3149755D+04  2.4492298D+00  3.4728764D+06  4.69539D-01  4.69539D-01  8.21074D+33
  6.8216951D+29  3.7283050D+09  1.3334666D+13  1.3302731D+04  2.4760245D+00  3.4934550D+06  4.67691D-01  4.67691D-01  8.24679D+33
  6.6433936D+29  3.6868412D+09  1.3663679D+13  1.3454944D+04  2.5028273D+00  3.5137365D+06  4.65863D-01  4.65863D-01  8.29102D+33
  6.4662905D+29  3.6451657D+09  1.3996591D+13  1.3606387D+04  2.5296379D+00  3.5338243D+06  4.64036D-01  4.64036D-01  8.34361D+33
  6.2904473D+29  3.6032734D+09  1.4333386D+13  1.3757050D+04  2.5564554D+00  3.5541305D+06  4.62416D-01  4.62416D-01  8.40474D+33
  6.1159540D+29  3.5611663D+09  1.4673988D+13  1.3907125D+04  2.5832557D+00  3.5757582D+06  4.61591D-01  4.61591D-01  8.47408D+33
  5.9428848D+29  3.5188419D+09  1.5018351D+13  1.4056709D+04  2.6100270D+00  3.5971488D+06  4.60649D-01  4.60649D-01  8.55162D+33
  5.7712685D+29  3.4762868D+09  1.5366518D+13  1.4205584D+04  2.6367804D+00  3.6177948D+06  4.58767D-01  4.58767D-01  8.63825D+33
  5.6011523D+29  3.4334914D+09  1.5718496D+13  1.4353655D+04  2.6635206D+00  3.6383156D+06  4.57001D-01  4.57001D-01  8.73457D+33
  5.4326002D+29  3.3904503D+09  1.6074262D+13  1.4500949D+04  2.6902466D+00  3.6585829D+06  4.55359D-01  4.55359D-01  8.84089D+33
  5.2656768D+29  3.3471579D+09  1.6433786D+13  1.4647501D+04  2.7169609D+00  3.6784572D+06  4.53851D-01  4.53851D-01  8.95751D+33
  5.1004444D+29  3.3036079D+09  1.6797048D+13  1.4793338D+04  2.7436638D+00  3.6981635D+06  4.52440D-01  4.52440D-01  9.08486D+33
  4.9369643D+29  3.2597935D+09  1.7164024D+13  1.4938486D+04  2.7703552D+00  3.7177087D+06  4.51118D-01  4.51118D-01  9.22340D+33
  4.7752969D+29  3.2157074D+09  1.7534696D+13  1.5082965D+04  2.7970342D+00  3.7371349D+06  4.49873D-01  4.49873D-01  9.37366D+33
  4.6155039D+29  3.1713423D+09  1.7909041D+13  1.5226813D+04  2.8236977D+00  3.7567980D+06  4.48859D-01  4.48859D-01  9.53620D+33
  4.4576491D+29  3.1266911D+09  1.8287034D+13  1.5370090D+04  2.8503405D+00  3.7764113D+06  4.47957D-01  4.47957D-01  9.71158D+33
  4.3017842D+29  3.0817431D+09  1.8668677D+13  1.5512758D+04  2.8769659D+00  3.7953502D+06  4.46325D-01  4.46325D-01  9.90073D+33
  4.1479369D+29  3.0364799D+09  1.9054037D+13  1.5654560D+04  2.9035878D+00  3.8139037D+06  4.44412D-01  4.44412D-01  1.01053D+34
  3.9961682D+29  2.9908919D+09  1.9443103D+13  1.5795527D+04  2.9302064D+00  3.8323274D+06  4.42591D-01  4.42591D-01  1.03263D+34
  3.8465380D+29  2.9449688D+09  1.9835870D+13  1.5935680D+04  2.9568213D+00  3.8507856D+06  4.40783D-01  4.40783D-01  1.05647D+34
  3.6991031D+29  2.8986989D+09  2.0232344D+13  1.6075016D+04  2.9834309D+00  3.8691965D+06  4.39015D-01  4.39015D-01  1.08219D+34
  3.5539236D+29  2.8520706D+09  2.0632526D+13  1.6213565D+04  3.0100360D+00  3.8874549D+06  4.37327D-01  4.37327D-01  1.10991D+34
  3.4110592D+29  2.8050719D+09  2.1036423D+13  1.6351354D+04  3.0366381D+00  3.9055613D+06  4.35711D-01  4.35711D-01  1.13979D+34
  3.2705690D+29  2.7576895D+09  2.1444046D+13  1.6488411D+04  3.0632389D+00  3.9235162D+06  4.34161D-01  4.34161D-01  1.17200D+34
  3.1325122D+29  2.7099098D+09  2.1855415D+13  1.6624763D+04  3.0898406D+00  3.9413204D+06  4.32672D-01  4.32672D-01  1.20671D+34
  2.9969403D+29  2.6617153D+09  2.2270581D+13  1.6760358D+04  3.1164527D+00  3.9581604D+06  4.30671D-01  4.30671D-01  1.24417D+34
  2.8639051D+29  2.6130878D+09  2.2689602D+13  1.6895140D+04  3.1430854D+00  3.9747888D+06  4.28619D-01  4.28619D-01  1.28463D+34
  2.7334506D+29  2.5640047D+09  2.3112579D+13  1.7028958D+04  3.1697517D+00  3.9905667D+06  4.25663D-01  4.25663D-01  1.32844D+34
  2.6056282D+29  2.5144446D+09  2.3539603D+13  1.7161725D+04  3.1964619D+00  4.0062479D+06  4.22796D-01  4.22796D-01  1.37595D+34
  2.4805006D+29  2.4643891D+09  2.3970747D+13  1.7293487D+04  3.2232200D+00  4.0218414D+06  4.20018D-01  4.20018D-01  1.42748D+34
  2.3581305D+29  2.4138184D+09  2.4406097D+13  1.7424294D+04  3.2500308D+00  4.0374147D+06  4.17301D-01  4.17301D-01  1.48343D+34
  2.2385794D+29  2.3627109D+09  2.4845765D+13  1.7554179D+04  3.2768991D+00  4.0530140D+06  4.14628D-01  4.14628D-01  1.54424D+34
  2.1219104D+29  2.3110439D+09  2.5289883D+13  1.7683199D+04  3.3038316D+00  4.0685372D+06  4.12043D-01  4.12043D-01  1.61040D+34
  2.0081868D+29  2.2587933D+09  2.5738605D+13  1.7811418D+04  3.3308370D+00  4.0839948D+06  4.09543D-01  4.09543D-01  1.68246D+34
  1.8974722D+29  2.2059329D+09  2.6192121D+13  1.7938905D+04  3.3579254D+00  4.0993978D+06  4.07127D-01  4.07127D-01  1.76104D+34
  1.7898303D+29  2.1524351D+09  2.6650658D+13  1.8065737D+04  3.3851090D+00  4.1147577D+06  4.04791D-01  4.04791D-01  1.84685D+34
  1.6853253D+29  2.0982697D+09  2.7114489D+13  1.8192000D+04  3.4124021D+00  4.1300871D+06  4.02533D-01  4.02533D-01  1.94068D+34
  1.5840213D+29  2.0434045D+09  2.7583942D+13  1.8317792D+04  3.4398219D+00  4.1454100D+06  4.00347D-01  4.00347D-01  2.04344D+34
  1.4859829D+29  1.9878046D+09  2.8059415D+13  1.8443213D+04  3.4673888D+00  4.1603209D+06  3.97650D-01  3.97650D-01  2.15614D+34
  1.3912552D+29  1.9314204D+09  2.8541489D+13  1.8568028D+04  3.4951458D+00  4.1745693D+06  3.94261D-01  3.94261D-01  2.28016D+34
  1.2999045D+29  1.8742103D+09  2.9030753D+13  1.8692348D+04  3.5231250D+00  4.1888302D+06  3.90970D-01  3.90970D-01  2.41685D+34
  1.2119997D+29  1.8161306D+09  2.9527910D+13  1.8816340D+04  3.5513625D+00  4.2031119D+06  3.87773D-01  3.87773D-01  2.56772D+34
  1.1276103D+29  1.7571340D+09  3.0033815D+13  1.8940197D+04  3.5799018D+00  4.2174755D+06  3.84658D-01  3.84658D-01  2.73446D+34
  1.0468060D+29  1.6971696D+09  3.0549516D+13  1.9064143D+04  3.6087954D+00  4.2319438D+06  3.81624D-01  3.81624D-01  2.91895D+34
  9.6965742D+28  1.6361827D+09  3.1076299D+13  1.9188447D+04  3.6381085D+00  4.2464818D+06  3.78683D-01  3.78683D-01  3.12327D+34
  8.9623559D+28  1.5741146D+09  3.1615758D+13  1.9313429D+04  3.6679206D+00  4.2612199D+06  3.75805D-01  3.75805D-01  3.34967D+34
  8.2661205D+28  1.5109023D+09  3.2169874D+13  1.9439469D+04  3.6983298D+00  4.2762087D+06  3.72982D-01  3.72982D-01  3.60054D+34
  7.6085897D+28  1.4464799D+09  3.2741137D+13  1.9567030D+04  3.7294588D+00  4.2915101D+06  3.70208D-01  3.70208D-01  3.87836D+34
  6.9904896D+28  1.3807785D+09  3.3332692D+13  1.9696687D+04  3.7614616D+00  4.3072012D+06  3.67476D-01  3.67476D-01  4.18551D+34
  6.4125494D+28  1.3137286D+09  3.3948559D+13  1.9829151D+04  3.7945341D+00  4.3233790D+06  3.64775D-01  3.64775D-01  4.52410D+34
  5.8754954D+28  1.2452629D+09  3.4593917D+13  1.9965323D+04  3.8289269D+00  4.3400996D+06  3.61949D-01  3.61949D-01  4.89562D+34
  5.3800119D+28  1.1753167D+09  3.5275565D+13  2.0106230D+04  3.8649703D+00  4.3574327D+06  3.58908D-01  3.58908D-01  5.30062D+34
  4.9267819D+28  1.1038433D+09  3.6002437D+13  2.0253300D+04  3.9030928D+00  4.3756253D+06  3.55728D-01  3.55728D-01  5.73778D+34
  4.5164284D+28  1.0308227D+09  3.6786480D+13  2.0408364D+04  3.9438639D+00  4.3947992D+06  3.52314D-01  3.52314D-01  6.20324D+34
  4.1494713D+28  9.5628209D+08  3.7643866D+13  2.0573819D+04  3.9880489D+00  4.4152332D+06  3.48598D-01  3.48598D-01  6.68960D+34
  3.8262513D+28  8.8032532D+08  3.8596749D+13  2.0752827D+04  4.0366849D+00  4.4372619D+06  3.44493D-01  3.44493D-01  7.18499D+34
  3.8262513D+28  8.8032532D+08  3.8596749D+13  0.0000000D+00  9.4249293D+00  3.1398169D+06  0.00000D+00  0.00000D+00  0.00000D+00
  3.7305950D+28  8.6979628D+08  3.8922148D+13  0.0000000D+00  9.4578569D+00  3.1473888D+06  0.00000D+00  0.00000D+00  0.00000D+00
  3.6349387D+28  8.5904429D+08  3.9255235D+13  0.0000000D+00  9.4913991D+00  3.1551125D+06  0.00000D+00  0.00000D+00  0.00000D+00
  3.5392825D+28  8.4805599D+08  3.9596537D+13  0.0000000D+00  9.5255990D+00  3.1629989D+06  0.00000D+00  0.00000D+00  0.00000D+00
  3.4436262D+28  8.3681670D+08  3.9946640D+13  0.0000000D+00  9.5605044D+00  3.1710600D+06  0.00000D+00  0.00000D+00  0.00000D+00
  3.3479699D+28  8.2531024D+08  4.0306201D+13  0.0000000D+00  9.5961687D+00  3.1793095D+06  0.00000D+00  0.00000D+00  0.00000D+00
  3.2523136D+28  8.1351871D+08  4.0675957D+13  0.0000000D+00  9.6326521D+00  3.1877625D+06  0.00000D+00  0.00000D+00  0.00000D+00
  3.1566573D+28  8.0142224D+08  4.1056742D+13  0.0000000D+00  9.6700225D+00  3.1964363D+06  0.00000D+00  0.00000D+00  0.00000D+00
  3.0610010D+28  7.8899864D+08  4.1449505D+13  0.0000000D+00  9.7083568D+00  3.2053505D+06  0.00000D+00  0.00000D+00  0.00000D+00
  2.9653448D+28  7.7622304D+08  4.1855327D+13  0.0000000D+00  9.7477429D+00  3.2145273D+06  0.00000D+00  0.00000D+00  0.00000D+00
  2.8696885D+28  7.6306744D+08  4.2275456D+13  0.0000000D+00  9.7882817D+00  3.2239924D+06  0.00000D+00  0.00000D+00  0.00000D+00
  2.7740322D+28  7.4950009D+08  4.2711335D+13  0.0000000D+00  9.8300898D+00  3.2337755D+06  0.00000D+00  0.00000D+00  0.00000D+00
  2.6783759D+28  7.3548481D+08  4.3164649D+13  0.0000000D+00  9.8733033D+00  3.2439114D+06  0.00000D+00  0.00000D+00  0.00000D+00
  2.5827196D+28  7.2098007D+08  4.3637383D+13  0.0000000D+00  9.9180819D+00  3.2544406D+06  0.00000D+00  0.00000D+00  0.00000D+00
  2.4870633D+28  7.0593786D+08  4.4131897D+13  0.0000000D+00  9.9646152D+00  3.2654118D+06  0.00000D+00  0.00000D+00  0.00000D+00
  2.3914071D+28  6.9030216D+08  4.4651025D+13  0.0000000D+00  1.0013130D+01  3.2768831D+06  0.00000D+00  0.00000D+00  0.00000D+00
  2.2957508D+28  6.7400704D+08  4.5198217D+13  0.0000000D+00  1.0063902D+01  3.2889251D+06  0.00000D+00  0.00000D+00  0.00000D+00
  2.2000945D+28  6.5697406D+08  4.5777722D+13  0.0000000D+00  1.0117269D+01  3.3016248D+06  0.00000D+00  0.00000D+00  0.00000D+00
  2.1044382D+28  6.3910870D+08  4.6394862D+13  0.0000000D+00  1.0173654D+01  3.3150910D+06  0.00000D+00  0.00000D+00  0.00000D+00
  2.0087819D+28  6.2029555D+08  4.7056423D+13  0.0000000D+00  1.0233591D+01  3.3294623D+06  0.00000D+00  0.00000D+00  0.00000D+00
  1.9131257D+28  6.0039126D+08  4.7771235D+13  0.0000000D+00  1.0297776D+01  3.3449186D+06  0.00000D+00  0.00000D+00  0.00000D+00
  1.9131257D+28  6.0039126D+08  4.7771235D+13  0.0000000D+00  1.9713956D+01  2.4618922D+06  0.00000D+00  0.00000D+00  0.00000D+00
  1.6266728D+28  5.6676541D+08  5.0078680D+13  0.0000000D+00  2.0089736D+01  2.4940777D+06  0.00000D+00  0.00000D+00  0.00000D+00
  1.3703435D+28  5.3351537D+08  5.2291657D+13  0.0000000D+00  2.0441214D+01  2.5243700D+06  0.00000D+00  0.00000D+00  0.00000D+00
  1.1424643D+28  5.0060538D+08  5.4404883D+13  0.0000000D+00  2.0769126D+01  2.5528369D+06  0.00000D+00  0.00000D+00  0.00000D+00
  9.4136158D+27  4.6800304D+08  5.6413451D+13  0.0000000D+00  2.1074136D+01  2.5795267D+06  0.00000D+00  0.00000D+00  0.00000D+00
  7.6536183D+27  4.3567881D+08  5.8312813D+13  0.0000000D+00  2.1356846D+01  2.6044728D+06  0.00000D+00  0.00000D+00  0.00000D+00
  6.1279152D+27  4.0360561D+08  6.0098767D+13  0.0000000D+00  2.1617803D+01  2.6276973D+06  0.00000D+00  0.00000D+00  0.00000D+00
  4.8197713D+27  3.7175845D+08  6.1767448D+13  0.0000000D+00  2.1857508D+01  2.6492134D+06  0.00000D+00  0.00000D+00  0.00000D+00
  3.7124512D+27  3.4011417D+08  6.3315311D+13  0.0000000D+00  2.2076414D+01  2.6690278D+06  0.00000D+00  0.00000D+00  0.00000D+00
  2.7892195D+27  3.0865118D+08  6.4739129D+13  0.0000000D+00  2.2274936D+01  2.6871422D+06  0.00000D+00  0.00000D+00  0.00000D+00
  2.0333410D+27  2.7734925D+08  6.6035982D+13  0.0000000D+00  2.2453446D+01  2.7035551D+06  0.00000D+00  0.00000D+00  0.00000D+00
  1.4280804D+27  2.4618930D+08  6.7203246D+13  0.0000000D+00  2.2612279D+01  2.7182626D+06  0.00000D+00  0.00000D+00  0.00000D+00
  9.5670229D+26  2.1515326D+08  6.8238593D+13  0.0000000D+00  2.2751733D+01  2.7312594D+06  0.00000D+00  0.00000D+00  0.00000D+00
  6.0247141D+26  1.8422391D+08  6.9139980D+13  0.0000000D+00  2.2872069D+01  2.7425394D+06  0.00000D+00  0.00000D+00  0.00000D+00
  3.4865244D+26  1.5338476D+08  6.9905646D+13  0.0000000D+00  2.2973512D+01  2.7520965D+06  0.00000D+00  0.00000D+00  0.00000D+00
  1.7851005D+26  1.2261989D+08  7.0534110D+13  0.0000000D+00  2.3056252D+01  2.7599250D+06  0.00000D+00  0.00000D+00  0.00000D+00
  7.5308926D+25  9.1913895D+07  7.1024162D+13  0.0000000D+00  2.3120446D+01  2.7660196D+06  0.00000D+00  0.00000D+00  0.00000D+00
  2.2313756D+25  6.1251725D+07  7.1374867D+13  0.0000000D+00  2.3166212D+01  2.7703761D+06  0.00000D+00  0.00000D+00  0.00000D+00
  2.7892195D+24  3.0618619D+07  7.1585557D+13  0.0000000D+00  2.3193638D+01  2.7729913D+06  0.00000D+00  0.00000D+00  0.00000D+00
  0.0000000D+00  0.0000000D+00  7.1655831D+13  0.0000000D+00  2.3202774D+01  2.7738633D+06  0.00000D+00  0.00000D+00  0.00000D+00
